356390000,356390999,1,1,1,1,1,C
356391000,356391999,1,1,1,1,1,C
356392000,356392999,1,1,1,1,1,C
356827000,356827999,1,1,1,1,1,C
356828000,356828999,1,1,1,1,1,C
356829000,356829999,1,1,1,1,1,C
356830000,356830999,1,1,1,1,1,C
356833000,356833999,1,1,1,1,1,C
356835000,356835999,1,1,1,1,1,C
356839000,356839999,1,1,1,1,1,C
356840000,356840999,1,1,1,1,1,C
356850000,356850999,1,1,1,1,1,C
356851000,356851999,1,1,1,1,1,C
356856000,356856999,1,1,1,1,1,C
356857000,356857999,1,1,1,1,1,C
356858000,356858999,1,1,1,1,1,C
356859000,356859999,1,1,1,1,1,C
356868000,356868999,1,1,1,1,1,C
356869000,356869999,1,1,1,1,1,C
356879000,356879999,1,1,1,1,1,C
356880000,356880999,1,1,1,1,1,C
356881000,356881999,1,1,1,1,1,C
356882000,356882999,1,1,1,1,1,C
356889000,356889999,1,1,1,1,1,C
356890000,356890999,1,1,1,1,1,C
356895000,356895999,1,1,1,1,1,C
360883000,360883999,1,1,1,1,1,C
360884000,360884999,1,1,1,1,1,C
370246000,370246999,1,1,1,1,1,C
370247000,370247999,1,1,1,1,1,C
370248000,370248999,1,1,1,1,1,C
370249000,370249999,1,1,1,1,1,C
370267000,370267999,1,1,1,1,1,C
370285000,370285999,1,1,1,1,1,C
370286000,370286999,1,1,1,1,1,C
370287000,370287999,1,1,1,1,1,C
370289000,370289999,1,1,1,1,1,C
374738000,374738999,1,1,1,1,1,C
374739000,374739999,1,1,1,1,1,C
376966000,376966999,1,1,1,1,1,C
376968000,376968999,1,1,1,1,1,C
377152000,377152999,1,1,1,1,1,C
377153000,377153999,1,1,1,1,1,C
377155000,377155999,1,1,1,1,1,C
377158000,377158999,1,1,1,1,1,C
377187000,377187999,1,1,1,1,1,C
377677000,377677999,1,1,1,1,1,C
400360000,400360999,1,1,1,1,1,C
402673000,402673999,1,1,1,1,1,C
402674000,402674999,1,1,1,1,1,C
402791000,402791999,1,1,1,1,1,C
403361000,403361999,1,1,1,1,1,C
403391000,403391999,1,1,1,1,1,C
403392000,403392999,1,1,1,1,1,C
403393000,403393999,1,1,1,1,1,C
404117000,404117999,1,1,1,1,1,C
404119000,404119999,1,1,1,1,1,C
404120000,404120999,1,1,1,1,1,C
404157000,404157999,1,1,1,1,1,C
404158000,404158999,1,1,1,1,1,C
404159000,404159999,1,1,1,1,1,C
404171000,404171999,1,1,1,1,1,C
404172000,404172999,1,1,1,1,1,C
404173000,404173999,1,1,1,1,1,C
404738000,404738999,1,1,1,1,1,C
404739000,404739999,1,1,1,1,1,C
405512000,405512999,1,1,1,1,1,D
406252000,406252999,1,1,1,1,1,C
406254000,406254999,1,1,1,1,1,C
406365000,406365999,1,1,1,1,1,C
406366000,406366999,1,1,1,1,1,C
407405000,407405999,1,1,1,1,1,C
409665000,409665999,1,1,1,1,1,C
409666000,409666999,1,1,1,1,1,C
409667000,409667999,1,1,1,1,1,C
409668000,409668999,1,1,1,1,1,C
409669000,409669999,1,1,1,1,1,C
409670000,409670999,1,1,1,1,1,C
409672000,409672999,1,1,1,1,1,C
410062000,410062999,1,1,1,1,1,D
412962000,412962999,1,1,1,1,1,D
415599000,415599999,1,1,1,1,1,D
421317000,421317999,1,1,1,1,1,D
421349000,421349999,1,1,1,1,1,D
421393000,421393999,1,1,1,1,1,D
421437000,421437999,1,1,1,1,1,C
421865000,421865999,1,1,1,1,1,D
421869000,421869999,1,1,1,1,1,C
421870000,421870999,1,1,1,1,1,C
421871000,421871999,1,1,1,1,1,C
422160000,422160999,1,1,1,1,1,D
422161000,422161999,1,1,1,1,1,D
425862000,425862999,1,1,1,1,1,C
427010000,427010999,1,1,1,1,1,C
427018000,427018999,1,1,1,1,1,C
427019000,427019999,1,1,1,1,1,C
427020000,427020999,1,1,1,1,1,C
427029000,427029999,1,1,1,1,1,C
427030000,427030999,1,1,1,1,1,C
427039000,427039999,1,1,1,1,1,C
427570000,427570999,1,1,1,1,1,D
427571000,427571999,1,1,1,1,1,D
433666000,433666999,1,1,1,1,1,C
433667000,433667999,1,1,1,1,1,C
433670000,433670999,1,1,1,1,1,D
434061000,434061999,1,1,1,1,1,D
434062000,434062999,1,1,1,1,1,D
434910000,434910999,1,1,1,1,1,C
435744000,435744999,1,1,1,1,1,C
435745000,435745999,1,1,1,1,1,C
436718000,436718999,1,1,1,1,1,C
436728000,436728999,1,1,1,1,1,C
436738000,436738999,1,1,1,1,1,C
436742000,436742999,1,1,1,1,1,D
436745000,436745999,1,1,1,1,1,C
436748000,436748999,1,1,1,1,1,C
438088000,438088999,1,1,1,1,1,C
438125000,438125999,1,1,1,1,1,C
438126000,438126999,1,1,1,1,1,C
438588000,438588999,1,1,1,1,1,D
439188000,439188999,1,1,1,1,1,C
439225000,439225999,1,1,1,1,1,C
439226000,439226999,1,1,1,1,1,C
439227000,439227999,1,1,1,1,1,C
442729000,442729999,1,1,1,1,1,D
442730000,442730999,1,1,1,1,1,D
451289000,451289999,1,1,1,1,1,C
451290000,451290999,1,1,1,1,1,C
451804000,451804999,1,1,1,1,1,C
451810000,451810999,1,1,1,1,1,C
451811000,451811999,1,1,1,1,1,C
453242000,453242999,1,1,1,1,1,C
456351000,456351999,1,1,1,1,1,D
456418000,456418999,1,1,1,1,1,C
458060000,458069999,1,1,1,1,1,C
458071000,458071999,1,1,1,1,1,C
458123000,458123999,1,1,1,1,1,C
458124000,458124999,1,1,1,1,1,C
458441000,458441999,1,1,1,1,1,C
461982000,461982999,1,1,1,1,1,C
463758000,463758999,1,1,1,1,1,C
464580000,464580999,1,1,1,1,1,C
468203000,468203999,1,1,1,1,1,D
472067000,472067999,1,1,1,1,1,D
472068000,472068999,1,1,1,1,1,D
479228000,479228999,1,1,1,1,1,C
479229000,479229999,1,1,1,1,1,C
481699000,481699999,1,1,1,1,1,C
483536000,483536999,1,1,1,1,1,C
486466000,486466999,1,1,1,1,1,C
486493000,486493999,1,1,1,1,1,C
486494000,486494999,1,1,1,1,1,C
486861000,486861999,1,1,1,1,1,C
487013000,487013999,1,1,1,1,1,C
489592000,489592999,1,1,1,1,1,C
489734000,489734999,1,1,1,1,1,C
489735000,489735999,1,1,1,1,1,C
489736000,489736999,1,1,1,1,1,C
491020000,491029999,1,1,1,1,1,C
491031000,491031999,1,1,1,1,1,C
491032000,491032999,1,1,1,1,1,C
491035000,491035999,1,1,1,1,1,C
491037000,491037999,1,1,1,1,1,C
491038000,491038999,1,1,1,1,1,C
491040000,491049999,1,1,1,1,1,C
498451000,498451999,1,1,1,1,1,C
510529000,510529999,1,1,1,1,1,C
512315000,512315999,1,1,1,1,1,C
512316000,512316999,1,1,1,1,1,C
512411000,512411999,1,1,1,1,1,C
512412000,512412999,1,1,1,1,1,C
512425000,512425999,1,1,1,1,1,D
512431000,512431999,1,1,1,1,1,C
512466000,512466999,1,1,1,1,1,C
513685000,513685999,1,1,1,1,1,C
514027000,514027999,1,1,1,1,1,C
514906000,514906999,1,1,1,1,1,C
514957000,514957999,1,1,1,1,1,C
514958000,514958999,1,1,1,1,1,C
515672000,515672999,1,1,1,1,1,C
517636000,517636999,1,1,1,1,1,C
517650000,517650999,1,1,1,1,1,C
518212000,518212999,1,1,1,1,1,C
518364000,518364999,1,1,1,1,1,C
518377000,518377999,1,1,1,1,1,C
518378000,518378999,1,1,1,1,1,C
518379000,518379999,1,1,1,1,1,C
518474000,518474999,1,1,1,1,1,C
518475000,518475999,1,1,1,1,1,C
518476000,518476999,1,1,1,1,1,C
518710000,518710999,1,1,1,1,1,C
518718000,518718999,1,1,1,1,1,C
518905000,518905999,1,1,1,1,1,C
519412000,519412999,1,1,1,1,1,C
519413000,519413999,1,1,1,1,1,C
519498000,519498999,1,1,1,1,1,C
519961000,519961999,1,1,1,1,1,C
520082000,520082999,1,1,1,1,1,C
520083000,520083999,1,1,1,1,1,C
520108000,520108999,1,1,1,1,1,C
520131000,520131999,1,1,1,1,1,C
520152000,520152999,1,1,1,1,1,C
520169000,520169999,1,1,1,1,1,C
520194000,520194999,1,1,1,1,1,C
520382000,520382999,1,1,1,1,1,C
521302000,521302999,1,1,1,1,1,C
521899000,521899999,1,1,1,1,1,C
522001000,522001999,1,1,1,1,1,C
522964000,522964999,1,1,1,1,1,C
523036000,523036999,1,1,1,1,1,C
523959000,523959999,1,1,1,1,1,C
524011000,524011999,1,1,1,1,1,D
524031000,524031999,1,1,1,1,1,C
524047000,524047999,1,1,1,1,1,C
524070000,524070999,1,1,1,1,1,C
524090000,524090999,1,1,1,1,1,C
524091000,524091999,1,1,1,1,1,C
524094000,524094999,1,1,1,1,1,D
524374000,524374999,1,1,1,1,1,C
524864000,524864999,1,1,1,1,1,C
524865000,524865999,1,1,1,1,1,C
525498000,525498999,1,1,1,1,1,C
525745000,525745999,1,1,1,1,1,C
525746000,525746999,1,1,1,1,1,C
525998000,525998999,1,1,1,1,1,C
526410000,526410999,1,1,1,1,1,D
526836000,526836999,1,1,1,1,1,C
526855000,526855999,1,1,1,1,1,C
527414000,527414999,1,1,1,1,1,C
528020000,528020999,1,1,1,1,1,C
528057000,528057999,1,1,1,1,1,C
528708000,528708999,1,1,1,1,1,C
528709000,528709999,1,1,1,1,1,C
528856000,528856999,1,1,1,1,1,C
528931000,528931999,1,1,1,1,1,C
528948000,528948999,1,1,1,1,1,C
530970000,530970999,1,1,1,1,1,C
530980000,530989999,1,1,1,1,1,C
530990000,530990999,1,1,1,1,1,C
531659000,531659999,1,1,1,1,1,C
531693000,531693999,1,1,1,1,1,C
532420000,532429999,1,1,1,1,1,C
532430000,532439999,1,1,1,1,1,C
532450000,532450999,1,1,1,1,1,C
532458000,532458999,1,1,1,1,1,C
535910000,535919999,1,1,1,1,1,C
537830000,537839999,1,1,1,1,1,C
539867000,539867999,1,1,1,1,1,C
539868000,539868999,1,1,1,1,1,C
543098000,543098999,1,1,1,1,1,C
543159000,543159999,1,1,1,1,1,C
544033000,544033999,1,1,1,1,1,C
544210000,544210999,1,1,1,1,1,C
544243000,544243999,1,1,1,1,1,C
544887000,544887999,1,1,1,1,1,C
545324200,545324299,1,1,1,1,1,C
545392000,545392999,1,1,1,1,1,C
545393000,545393999,1,1,1,1,1,C
545431000,545431999,1,1,1,1,1,C
545447000,545447999,1,1,1,1,1,C
547766000,547766999,1,1,1,1,1,C
548478000,548478999,1,1,1,1,1,C
548738000,548738999,1,1,1,1,1,C
548838000,548838999,1,1,1,1,1,C
548844000,548844999,1,1,1,1,1,C
548943000,548943999,1,1,1,1,1,C
549633000,549633999,1,1,1,1,1,C
550213000,550213999,1,1,1,1,1,C
552245000,552245999,1,1,1,1,1,D
552288000,552288999,1,1,1,1,1,C
552398000,552398999,1,1,1,1,1,C
552534000,552534999,1,1,1,1,1,C
552587000,552587999,1,1,1,1,1,C
552742000,552742999,1,1,1,1,1,C
552794000,552794999,1,1,1,1,1,C
552801000,552801999,1,1,1,1,1,C
553131000,553131999,1,1,1,1,1,C
553242000,553242999,1,1,1,1,1,C
556610000,556610999,1,1,1,1,1,C
556617000,556617999,1,1,1,1,1,C
557080000,557080999,1,1,1,1,1,C
558360000,558360999,1,1,1,1,1,C
558730000,558730999,1,1,1,1,1,C
558868000,558868999,1,1,1,1,1,C
558894000,558894999,1,1,1,1,1,C
558895000,558895999,1,1,1,1,1,C
558916000,558916999,1,1,1,1,1,C
559051000,559051999,1,1,1,1,1,C
601382000,601382999,1,1,1,1,1,D
601428000,601428999,1,1,1,1,1,D
602907000,602907999,1,1,1,1,1,D
602969000,602969999,1,1,1,1,1,D
603265130,603261399,1,1,1,1,1,D
603367000,603367999,1,1,1,1,1,D
603601000,603601999,1,1,1,1,1,D
603694000,603694999,1,1,1,1,1,D
603708000,603708999,1,1,1,1,1,D
620009000,620009999,1,1,1,1,1,D
620010000,620010999,1,1,1,1,1,D
620011000,620011999,1,1,1,1,1,D
620013000,620013999,1,1,1,1,1,D
620015000,620015999,1,1,1,1,1,D
620016000,620016999,1,1,1,1,1,D
620017000,620017999,1,1,1,1,1,D
620019000,620019999,1,1,1,1,1,D
620021000,620021999,1,1,1,1,1,D
620024000,620024999,1,1,1,1,1,D
620025000,620025999,1,1,1,1,1,D
620026000,620026999,1,1,1,1,1,D
620027000,620027999,1,1,1,1,1,D
620028000,620028999,1,1,1,1,1,D
620029000,620029999,1,1,1,1,1,D
620030000,620030999,1,1,1,1,1,D
620031000,620031999,1,1,1,1,1,D
620035000,620035999,1,1,1,1,1,D
620037000,620037999,1,1,1,1,1,D
620038000,620038999,1,1,1,1,1,D
620039000,620039999,1,1,1,1,1,D
620040000,620040999,1,1,1,1,1,D
620041000,620041999,1,1,1,1,1,D
620043000,620043999,1,1,1,1,1,D
620046000,620046999,1,1,1,1,1,D
620048000,620048999,1,1,1,1,1,D
620050000,620050999,1,1,1,1,1,D
620051000,620051999,1,1,1,1,1,D
620052000,620052999,1,1,1,1,1,D
620053000,620053999,1,1,1,1,1,D
620054000,620054999,1,1,1,1,1,D
620055000,620055999,1,1,1,1,1,D
620056000,620056999,1,1,1,1,1,D
620058000,620058999,1,1,1,1,1,D
620059000,620059999,1,1,1,1,1,D
620060000,620060999,1,1,1,1,1,D
620061000,620061999,1,1,1,1,1,D
620062000,620062999,1,1,1,1,1,D
620063000,620063999,1,1,1,1,1,D
620064000,620064999,1,1,1,1,1,D
620067000,620067999,1,1,1,1,1,D
620070000,620070999,1,1,1,1,1,D
620072000,620072999,1,1,1,1,1,D
620073000,620073999,1,1,1,1,1,D
620076000,620076999,1,1,1,1,1,D
620077000,620077999,1,1,1,1,1,D
620079000,620079999,1,1,1,1,1,D
620081000,620081999,1,1,1,1,1,D
620082000,620082999,1,1,1,1,1,D
620085000,620085999,1,1,1,1,1,D
620086000,620086999,1,1,1,1,1,D
620087000,620087999,1,1,1,1,1,D
620088000,620088999,1,1,1,1,1,D
620089000,620089999,1,1,1,1,1,D
620090000,620090999,1,1,1,1,1,D
620091000,620091999,1,1,1,1,1,D
620093000,620093999,1,1,1,1,1,D
620094000,620094999,1,1,1,1,1,D
620096000,620096999,1,1,1,1,1,D
620101000,620101999,1,1,1,1,1,D
620103000,620103999,1,1,1,1,1,D
620105000,620105999,1,1,1,1,1,D
620106000,620106999,1,1,1,1,1,D
620107000,620107999,1,1,1,1,1,D
620108000,620108999,1,1,1,1,1,D
620110000,620110999,1,1,1,1,1,D
620114000,620114999,1,1,1,1,1,D
620118000,620118999,1,1,1,1,1,D
620120000,620120999,1,1,1,1,1,D
620121000,620121999,1,1,1,1,1,D
620123000,620123999,1,1,1,1,1,D
620124000,620124999,1,1,1,1,1,D
620125000,620125999,1,1,1,1,1,D
620126000,620126999,1,1,1,1,1,D
620129000,620129999,1,1,1,1,1,D
620131000,620131999,1,1,1,1,1,D
620132000,620132999,1,1,1,1,1,D
620134000,620134999,1,1,1,1,1,D
620136000,620136999,1,1,1,1,1,D
620138000,620138999,1,1,1,1,1,D
620139000,620139999,1,1,1,1,1,D
620140000,620140999,1,1,1,1,1,D
620141000,620141999,1,1,1,1,1,D
620142000,620142999,1,1,1,1,1,D
620143000,620143999,1,1,1,1,1,D
620144000,620144999,1,1,1,1,1,D
620146000,620146999,1,1,1,1,1,D
620147000,620147999,1,1,1,1,1,D
620148000,620148999,1,1,1,1,1,D
620149000,620149999,1,1,1,1,1,D
620150000,620150999,1,1,1,1,1,D
620152000,620152999,1,1,1,1,1,D
620153000,620153999,1,1,1,1,1,D
620155000,620155999,1,1,1,1,1,D
620156000,620156999,1,1,1,1,1,D
620158000,620158999,1,1,1,1,1,D
620159000,620159999,1,1,1,1,1,D
620161000,620161999,1,1,1,1,1,D
620162000,620162999,1,1,1,1,1,D
620163000,620163999,1,1,1,1,1,D
620175000,620175999,1,1,1,1,1,D
620180000,620180999,1,1,1,1,1,D
620181000,620181999,1,1,1,1,1,D
620183000,620183999,1,1,1,1,1,D
620184000,620184999,1,1,1,1,1,D
620185000,620185999,1,1,1,1,1,D
620186000,620186999,1,1,1,1,1,D
620187000,620187999,1,1,1,1,1,D
620190000,620190999,1,1,1,1,1,D
620191000,620191999,1,1,1,1,1,D
620192000,620192999,1,1,1,1,1,D
620193000,620193999,1,1,1,1,1,D
620194000,620194999,1,1,1,1,1,D
620196000,620196999,1,1,1,1,1,D
620197000,620197999,1,1,1,1,1,D
620198000,620198999,1,1,1,1,1,D
620199000,620199999,1,1,1,1,1,D
620200000,620200999,1,1,1,1,1,D
620202000,620202999,1,1,1,1,1,D
620203000,620203999,1,1,1,1,1,D
620204000,620204999,1,1,1,1,1,D
620205000,620205999,1,1,1,1,1,D
620206000,620206999,1,1,1,1,1,D
620207000,620207999,1,1,1,1,1,D
620208000,620208999,1,1,1,1,1,D
620209000,620209999,1,1,1,1,1,D
620210000,620210999,1,1,1,1,1,D
620211000,620211999,1,1,1,1,1,D
620213000,620213999,1,1,1,1,1,D
620214000,620214999,1,1,1,1,1,D
620218000,620218999,1,1,1,1,1,D
620220000,620220999,1,1,1,1,1,D
620221000,620221999,1,1,1,1,1,D
620223000,620223999,1,1,1,1,1,D
620224000,620224999,1,1,1,1,1,D
620225000,620225999,1,1,1,1,1,D
620226000,620226999,1,1,1,1,1,D
620228000,620228999,1,1,1,1,1,D
620229000,620229999,1,1,1,1,1,D
620230000,620230999,1,1,1,1,1,D
620231000,620231999,1,1,1,1,1,D
620232000,620232999,1,1,1,1,1,D
620233000,620233999,1,1,1,1,1,D
620234000,620234999,1,1,1,1,1,D
620235000,620235999,1,1,1,1,1,D
620236000,620236999,1,1,1,1,1,D
620239000,620239999,1,1,1,1,1,D
620242000,620242999,1,1,1,1,1,D
620244000,620244999,1,1,1,1,1,D
620245000,620245999,1,1,1,1,1,D
620246000,620246999,1,1,1,1,1,D
620247000,620247999,1,1,1,1,1,D
620248000,620248999,1,1,1,1,1,D
620249000,620249999,1,1,1,1,1,D
620250000,620250999,1,1,1,1,1,D
620251000,620251999,1,1,1,1,1,D
620253000,620253999,1,1,1,1,1,D
620254000,620254999,1,1,1,1,1,D
620256000,620256999,1,1,1,1,1,D
620257000,620257999,1,1,1,1,1,D
620259000,620259999,1,1,1,1,1,D
620262000,620262999,1,1,1,1,1,D
620263000,620263999,1,1,1,1,1,D
620264000,620264999,1,1,1,1,1,D
620265000,620265999,1,1,1,1,1,D
620266000,620266999,1,1,1,1,1,D
620267000,620267999,1,1,1,1,1,D
620268000,620268999,1,1,1,1,1,D
620271000,620271999,1,1,1,1,1,D
620272000,620272999,1,1,1,1,1,D
620273000,620273999,1,1,1,1,1,D
620274000,620274999,1,1,1,1,1,D
620275000,620275999,1,1,1,1,1,D
620276000,620276999,1,1,1,1,1,D
620277000,620277999,1,1,1,1,1,D
620278000,620278999,1,1,1,1,1,D
620279000,620279999,1,1,1,1,1,D
620280000,620289999,1,1,1,1,1,D
620290000,620299999,1,1,1,1,1,D
620500000,620599999,1,1,1,1,1,D
620614000,620614999,1,1,1,1,1,D
620615000,620615999,1,1,1,1,1,D
620616000,620616999,1,1,1,1,1,D
620617000,620617999,1,1,1,1,1,D
620618000,620618999,1,1,1,1,1,D
620619000,620619999,1,1,1,1,1,D
620620000,620629999,1,1,1,1,1,D
620630000,620639999,1,1,1,1,1,D
620640000,620649999,1,1,1,1,1,D
620650000,620659999,1,1,1,1,1,D
620660000,620669999,1,1,1,1,1,D
620670000,620679999,1,1,1,1,1,D
620680000,620689999,1,1,1,1,1,D
620690000,620699999,1,1,1,1,1,D
620700000,620799999,1,1,1,1,1,D
620800000,620899999,1,1,1,1,1,D
620900000,620999999,1,1,1,1,1,D
621000000,621099999,1,1,1,1,1,D
621100000,621109999,1,1,1,1,1,D
621120000,621129999,1,1,1,1,1,D
621130000,621139999,1,1,1,1,1,D
621140000,621149999,1,1,1,1,1,D
621150000,621159999,1,1,1,1,1,D
621160000,621169999,1,1,1,1,1,D
621170000,621179999,1,1,1,1,1,D
621180000,621189999,1,1,1,1,1,D
621190000,621199999,1,1,1,1,1,D
621200000,621299999,1,1,1,1,1,D
621300000,621399999,1,1,1,1,1,D
621400000,621499999,1,1,1,1,1,D
621500000,621599999,1,1,1,1,1,D
621600000,621699999,1,1,1,1,1,D
621700000,621799999,1,1,1,1,1,D
621800000,621809999,1,1,1,1,1,D
621810000,621819999,1,1,1,1,1,D
621820000,621829999,1,1,1,1,1,D
621840000,621849999,1,1,1,1,1,D
621850000,621859999,1,1,1,1,1,D
621870000,621870999,1,1,1,1,1,D
621871000,621871999,1,1,1,1,1,D
621872000,621872999,1,1,1,1,1,D
621873000,621873999,1,1,1,1,1,D
621874000,621874999,1,1,1,1,1,D
621875000,621875999,1,1,1,1,1,D
621876000,621876999,1,1,1,1,1,D
621877000,621877999,1,1,1,1,1,D
621879000,621879999,1,1,1,1,1,D
621890000,621899999,1,1,1,1,1,D
621900000,621909999,1,1,1,1,1,D
621910000,621919999,1,1,1,1,1,D
621920000,621929999,1,1,1,1,1,D
621930000,621939999,1,1,1,1,1,D
621940000,621949999,1,1,1,1,1,D
621950000,621959999,1,1,1,1,1,D
621960000,621969999,1,1,1,1,1,D
621970000,621970999,1,1,1,1,1,D
621971000,621971999,1,1,1,1,1,D
621972000,621972999,1,1,1,1,1,D
621973000,621973999,1,1,1,1,1,D
621974000,621974999,1,1,1,1,1,D
621975000,621975999,1,1,1,1,1,D
621977000,621977999,1,1,1,1,1,D
622126000,622126999,1,1,1,1,1,D
622127000,622127999,1,1,1,1,1,D
622128000,622128999,1,1,1,1,1,D
622129000,622129999,1,1,1,1,1,D
622130000,622130999,1,1,1,1,1,C
622131000,622131999,1,1,1,1,1,D
622132000,622132999,1,1,1,1,1,D
622133000,622133999,1,1,1,1,1,D
622134000,622134999,1,1,1,1,1,D
622135000,622135999,1,1,1,1,1,D
622136000,622136999,1,1,1,1,1,D
622137000,622137999,1,1,1,1,1,D
622138000,622138999,1,1,1,1,1,D
622139000,622139999,1,1,1,1,1,D
622140000,622140999,1,1,1,1,1,D
622141000,622141999,1,1,1,1,1,D
622142000,622142999,1,1,1,1,1,C
622143000,622143999,1,1,1,1,1,D
622144000,622144999,1,1,1,1,1,D
622145000,622145999,1,1,1,1,1,C
622146000,622146999,1,1,1,1,1,D
622147000,622147999,1,1,1,1,1,D
622148000,622148999,1,1,1,1,1,C
622149000,622149999,1,1,1,1,1,C
622150000,622150999,1,1,1,1,1,D
622151000,622151999,1,1,1,1,1,D
622152000,622152999,1,1,1,1,1,D
622153000,622153999,1,1,1,1,1,D
622154000,622154999,1,1,1,1,1,D
622155000,622155999,1,1,1,1,1,C
622156000,622156999,1,1,1,1,1,C
622157000,622157999,1,1,1,1,1,C
622158000,622158999,1,1,1,1,1,C
622159000,622159999,1,1,1,1,1,C
622160000,622160999,1,1,1,1,1,C
622161000,622161999,1,1,1,1,1,C
622162000,622162999,1,1,1,1,1,D
622163000,622163999,1,1,1,1,1,C
622164000,622164999,1,1,1,1,1,D
622165000,622165999,1,1,1,1,1,D
622166000,622166999,1,1,1,1,1,C
622167000,622167999,1,1,1,1,1,D
622168000,622168999,1,1,1,1,1,C
622169000,622169999,1,1,1,1,1,D
622170000,622170999,1,1,1,1,1,D
622171000,622171999,1,1,1,1,1,C
622172000,622172999,1,1,1,1,1,D
622173000,622173999,1,1,1,1,1,D
622174000,622174999,1,1,1,1,1,D
622175000,622175999,1,1,1,1,1,C
622176000,622176999,1,1,1,1,1,C
622177000,622177999,1,1,1,1,1,C
622178000,622178999,1,1,1,1,1,C
622179000,622179999,1,1,1,1,1,C
622180000,622189999,1,1,1,1,1,D
622190000,622190999,1,1,1,1,1,C
622191000,622191999,1,1,1,1,1,C
622192000,622192999,1,1,1,1,1,C
622193000,622193999,1,1,1,1,1,C
622194000,622194999,1,1,1,1,1,D
622195000,622195999,1,1,1,1,1,C
622196000,622196999,1,1,1,1,1,C
622197000,622197999,1,1,1,1,1,C
622198000,622198999,1,1,1,1,1,C
622199000,622199999,1,1,1,1,1,D
622200000,622200999,1,1,1,1,1,D
622201000,622201999,1,1,1,1,1,C
622202000,622202999,1,1,1,1,1,D
622203000,622203999,1,1,1,1,1,D
622204000,622204999,1,1,1,1,1,C
622205000,622205999,1,1,1,1,1,C
622206000,622206999,1,1,1,1,1,C
622207000,622207999,1,1,1,1,1,C
622208000,622208999,1,1,1,1,1,D
622209000,622209999,1,1,1,1,1,C
622210000,622219999,1,1,1,1,1,C
622220000,622229999,1,1,1,1,1,C
622230000,622239999,1,1,1,1,1,C
622240000,622240999,1,1,1,1,1,C
622241000,622241999,1,1,1,1,1,D
622242000,622242999,1,1,1,1,1,D
622243000,622243999,1,1,1,1,1,D
622244000,622244999,1,1,1,1,1,D
622245000,622245999,1,1,1,1,1,C
622246000,622246999,1,1,1,1,1,C
622247000,622247999,1,1,1,1,1,D
622248000,622248999,1,1,1,1,1,D
622249000,622249999,1,1,1,1,1,D
622250000,622250999,1,1,1,1,1,C
622251000,622251999,1,1,1,1,1,C
622252000,622252999,1,1,1,1,1,C
622253000,622253999,1,1,1,1,1,C
622254000,622254999,1,1,1,1,1,C
622255000,622255999,1,1,1,1,1,C
622256000,622256999,1,1,1,1,1,C
622257000,622257999,1,1,1,1,1,C
622258000,622258999,1,1,1,1,1,D
622259000,622259999,1,1,1,1,1,D
622260000,622260999,1,1,1,1,1,D
622261000,622261999,1,1,1,1,1,D
622262000,622262999,1,1,1,1,1,D
622263000,622263999,1,1,1,1,1,C
622264000,622264999,1,1,1,1,1,C
622265000,622265999,1,1,1,1,1,C
622266000,622266999,1,1,1,1,1,C
622267000,622267999,1,1,1,1,1,D
622268000,622268999,1,1,1,1,1,C
622269000,622269999,1,1,1,1,1,C
622270000,622270999,1,1,1,1,1,C
622271000,622271999,1,1,1,1,1,D
622272000,622272999,1,1,1,1,1,D
622273000,622273999,1,1,1,1,1,D
622274000,622274999,1,1,1,1,1,D
622275000,622275999,1,1,1,1,1,D
622276000,622276999,1,1,1,1,1,C
622277000,622277999,1,1,1,1,1,C
622278000,622278999,1,1,1,1,1,D
622279000,622279999,1,1,1,1,1,D
622280000,622280999,1,1,1,1,1,D
622281000,622281999,1,1,1,1,1,D
622282000,622282999,1,1,1,1,1,C
622283000,622283999,1,1,1,1,1,C
622284000,622284999,1,1,1,1,1,C
622285000,622285999,1,1,1,1,1,C
622286000,622286999,1,1,1,1,1,C
622287000,622287999,1,1,1,1,1,C
622288000,622288999,1,1,1,1,1,C
622289000,622289999,1,1,1,1,1,C
622290000,622290999,1,1,1,1,1,C
622291000,622291999,1,1,1,1,1,D
622292000,622292999,1,1,1,1,1,D
622293000,622293999,1,1,1,1,1,C
622294000,622294999,1,1,1,1,1,C
622295000,622295999,1,1,1,1,1,C
622296000,622296999,1,1,1,1,1,C
622297000,622297999,1,1,1,1,1,D
622298000,622298999,1,1,1,1,1,D
622299000,622299999,1,1,1,1,1,C
622300000,622300999,1,1,1,1,1,C
622301000,622301999,1,1,1,1,1,D
622302000,622302999,1,1,1,1,1,D
622303000,622303999,1,1,1,1,1,C
622304000,622304999,1,1,1,1,1,C
622305000,622305999,1,1,1,1,1,D
622306000,622306999,1,1,1,1,1,D
622307000,622307999,1,1,1,1,1,D
622308000,622308999,1,1,1,1,1,D
622309000,622309999,1,1,1,1,1,D
622310000,622310999,1,1,1,1,1,D
622311000,622311999,1,1,1,1,1,D
622312000,622312999,1,1,1,1,1,D
622313000,622313999,1,1,1,1,1,D
622314000,622314999,1,1,1,1,1,C
622315000,622315999,1,1,1,1,1,C
622316000,622316999,1,1,1,1,1,D
622317000,622317999,1,1,1,1,1,C
622318000,622318999,1,1,1,1,1,C
622319000,622319999,1,1,1,1,1,D
622320000,622320999,1,1,1,1,1,D
622321000,622321999,1,1,1,1,1,C
622322000,622322999,1,1,1,1,1,D
622323000,622323999,1,1,1,1,1,D
622324000,622324999,1,1,1,1,1,D
622325000,622325999,1,1,1,1,1,D
622326000,622326999,1,1,1,1,1,C
622327000,622327999,1,1,1,1,1,D
622328000,622328999,1,1,1,1,1,D
622329000,622329999,1,1,1,1,1,D
622330000,622330999,1,1,1,1,1,C
622331000,622331999,1,1,1,1,1,D
622332000,622332999,1,1,1,1,1,D
622333000,622333999,1,1,1,1,1,D
622334000,622334999,1,1,1,1,1,C
622335000,622335999,1,1,1,1,1,D
622336000,622336999,1,1,1,1,1,D
622337000,622337999,1,1,1,1,1,D
622338000,622338999,1,1,1,1,1,D
622339000,622339999,1,1,1,1,1,D
622340000,622340999,1,1,1,1,1,D
622341000,622341999,1,1,1,1,1,D
622342000,622342999,1,1,1,1,1,D
622343000,622343999,1,1,1,1,1,D
622344000,622344999,1,1,1,1,1,C
622345000,622345999,1,1,1,1,1,D
622346000,622346999,1,1,1,1,1,C
622347000,622347999,1,1,1,1,1,C
622348000,622348999,1,1,1,1,1,D
622349000,622349999,1,1,1,1,1,C
622350000,622350999,1,1,1,1,1,C
622351000,622351999,1,1,1,1,1,D
622352000,622352999,1,1,1,1,1,C
622353000,622353999,1,1,1,1,1,C
622354000,622354999,1,1,1,1,1,C
622355000,622355999,1,1,1,1,1,D
622356000,622356999,1,1,1,1,1,C
622357000,622357999,1,1,1,1,1,C
622358000,622358999,1,1,1,1,1,D
622359000,622359999,1,1,1,1,1,D
622360000,622360999,1,1,1,1,1,C
622361000,622361999,1,1,1,1,1,C
622362000,622362999,1,1,1,1,1,D
622363000,622363999,1,1,1,1,1,D
622364000,622364999,1,1,1,1,1,C
622365000,622365999,1,1,1,1,1,D
622366000,622366999,1,1,1,1,1,D
622367000,622367999,1,1,1,1,1,D
622368000,622368999,1,1,1,1,1,D
622369000,622369999,1,1,1,1,1,D
622370000,622370999,1,1,1,1,1,D
622371000,622371999,1,1,1,1,1,C
622372000,622372999,1,1,1,1,1,C
622373000,622373999,1,1,1,1,1,C
622374000,622374999,1,1,1,1,1,C
622375000,622375999,1,1,1,1,1,D
622376000,622376999,1,1,1,1,1,C
622377000,622377999,1,1,1,1,1,C
622378000,622378999,1,1,1,1,1,C
622379000,622379999,1,1,1,1,1,D
622380000,622380999,1,1,1,1,1,C
622381000,622381999,1,1,1,1,1,C
622382000,622382999,1,1,1,1,1,D
622383000,622383999,1,1,1,1,1,C
622384000,622384999,1,1,1,1,1,D
622385000,622385999,1,1,1,1,1,C
622386000,622386999,1,1,1,1,1,C
622387000,622387999,1,1,1,1,1,C
622388000,622388999,1,1,1,1,1,D
622389000,622389999,1,1,1,1,1,C
622390000,622390999,1,1,1,1,1,C
622391000,622391999,1,1,1,1,1,D
622392000,622392999,1,1,1,1,1,D
622393000,622393999,1,1,1,1,1,D
622394000,622394999,1,1,1,1,1,D
622395000,622395999,1,1,1,1,1,D
622396000,622396999,1,1,1,1,1,D
622397000,622397999,1,1,1,1,1,C
622398000,622398999,1,1,1,1,1,D
622399000,622399999,1,1,1,1,1,D
622400000,622400999,1,1,1,1,1,D
622401000,622401999,1,1,1,1,1,C
622402000,622402999,1,1,1,1,1,C
622403000,622403999,1,1,1,1,1,C
622404000,622404999,1,1,1,1,1,C
622405000,622405999,1,1,1,1,1,D
622406000,622406999,1,1,1,1,1,D
622407000,622407999,1,1,1,1,1,D
622408000,622408999,1,1,1,1,1,C
622409000,622409999,1,1,1,1,1,D
622410000,622410999,1,1,1,1,1,D
622411000,622411999,1,1,1,1,1,D
622412000,622412999,1,1,1,1,1,D
622413000,622413999,1,1,1,1,1,D
622414000,622414999,1,1,1,1,1,D
622415000,622415999,1,1,1,1,1,D
622416000,622416999,1,1,1,1,1,C
622417000,622417999,1,1,1,1,1,C
622418000,622418999,1,1,1,1,1,D
622419000,622419999,1,1,1,1,1,C
622420000,622420999,1,1,1,1,1,D
622421000,622421999,1,1,1,1,1,D
622422000,622422999,1,1,1,1,1,D
622423000,622423999,1,1,1,1,1,C
622424000,622424999,1,1,1,1,1,C
622425000,622425999,1,1,1,1,1,D
622426000,622426999,1,1,1,1,1,C
622427000,622427999,1,1,1,1,1,D
622428000,622428999,1,1,1,1,1,C
622429000,622429999,1,1,1,1,1,D
622430000,622430999,1,1,1,1,1,C
622431000,622431999,1,1,1,1,1,C
622432000,622432999,1,1,1,1,1,D
622433000,622433999,1,1,1,1,1,C
622434000,622434999,1,1,1,1,1,D
622435000,622435999,1,1,1,1,1,D
622436000,622436999,1,1,1,1,1,D
622437000,622437999,1,1,1,1,1,C
622438000,622438999,1,1,1,1,1,C
622439000,622439999,1,1,1,1,1,D
622440000,622440999,1,1,1,1,1,D
622441000,622441999,1,1,1,1,1,D
622442000,622442999,1,1,1,1,1,D
622443000,622443999,1,1,1,1,1,D
622444000,622444999,1,1,1,1,1,C
622445000,622445999,1,1,1,1,1,C
622446000,622446999,1,1,1,1,1,C
622447000,622447999,1,1,1,1,1,D
622448000,622448999,1,1,1,1,1,D
622449000,622449999,1,1,1,1,1,D
622450000,622450999,1,1,1,1,1,C
622451000,622451999,1,1,1,1,1,C
622452000,622452999,1,1,1,1,1,D
622453000,622453999,1,1,1,1,1,C
622454000,622454999,1,1,1,1,1,D
622455000,622455999,1,1,1,1,1,D
622456000,622456999,1,1,1,1,1,C
622457000,622457999,1,1,1,1,1,C
622458000,622458999,1,1,1,1,1,C
622459000,622459999,1,1,1,1,1,D
622460000,622460999,1,1,1,1,1,C
622461000,622461999,1,1,1,1,1,C
622462000,622462999,1,1,1,1,1,C
622463000,622463999,1,1,1,1,1,D
622464000,622464999,1,1,1,1,1,C
622465000,622465999,1,1,1,1,1,D
622466000,622466999,1,1,1,1,1,C
622467000,622467999,1,1,1,1,1,D
622468000,622468999,1,1,1,1,1,D
622469000,622469999,1,1,1,1,1,C
622470000,622470999,1,1,1,1,1,D
622471000,622471999,1,1,1,1,1,C
622472000,622472999,1,1,1,1,1,C
622473000,622473999,1,1,1,1,1,C
622474000,622474999,1,1,1,1,1,C
622475000,622475999,1,1,1,1,1,D
622476000,622476999,1,1,1,1,1,C
622477000,622477999,1,1,1,1,1,D
622478000,622478999,1,1,1,1,1,D
622479000,622479999,1,1,1,1,1,C
622480000,622480999,1,1,1,1,1,C
622481000,622481999,1,1,1,1,1,C
622482000,622482999,1,1,1,1,1,C
622483000,622483999,1,1,1,1,1,C
622484000,622484999,1,1,1,1,1,C
622485000,622485999,1,1,1,1,1,D
622486000,622486999,1,1,1,1,1,D
622487000,622487999,1,1,1,1,1,D
622488000,622488999,1,1,1,1,1,D
622489000,622489999,1,1,1,1,1,D
622490000,622490999,1,1,1,1,1,D
622491000,622491999,1,1,1,1,1,D
622492000,622492999,1,1,1,1,1,D
622493000,622493999,1,1,1,1,1,C
622494000,622494999,1,1,1,1,1,C
622495000,622495999,1,1,1,1,1,D
622496000,622496999,1,1,1,1,1,D
622497000,622497999,1,1,1,1,1,C
622498000,622498999,1,1,1,1,1,D
622499000,622499999,1,1,1,1,1,D
622500000,622500999,1,1,1,1,1,C
622501000,622501999,1,1,1,1,1,C
622502000,622502999,1,1,1,1,1,C
622503000,622503999,1,1,1,1,1,C
622504000,622504999,1,1,1,1,1,C
622505000,622505999,1,1,1,1,1,C
622506000,622506999,1,1,1,1,1,D
622507000,622507999,1,1,1,1,1,C
622508000,622508999,1,1,1,1,1,D
622509000,622509999,1,1,1,1,1,D
622510000,622510999,1,1,1,1,1,D
622511000,622511999,1,1,1,1,1,D
622512000,622512999,1,1,1,1,1,D
622513000,622513999,1,1,1,1,1,D
622514000,622514999,1,1,1,1,1,C
622515000,622515999,1,1,1,1,1,D
622516000,622516999,1,1,1,1,1,D
622517000,622517999,1,1,1,1,1,D
622518000,622518999,1,1,1,1,1,D
622519000,622519999,1,1,1,1,1,C
622520000,622520999,1,1,1,1,1,C
622521000,622521999,1,1,1,1,1,D
622522000,622522999,1,1,1,1,1,D
622523000,622523999,1,1,1,1,1,D
622524000,622524999,1,1,1,1,1,C
622525000,622525999,1,1,1,1,1,C
622526000,622526999,1,1,1,1,1,C
622527000,622527999,1,1,1,1,1,C
622528000,622528999,1,1,1,1,1,C
622529000,622529999,1,1,1,1,1,C
622530000,622530999,1,1,1,1,1,D
622531000,622531999,1,1,1,1,1,D
622532000,622532999,1,1,1,1,1,D
622533000,622533999,1,1,1,1,1,C
622534000,622534999,1,1,1,1,1,C
622535000,622535999,1,1,1,1,1,D
622536000,622536999,1,1,1,1,1,D
622537000,622537999,1,1,1,1,1,C
622538000,622538999,1,1,1,1,1,D
622539000,622539999,1,1,1,1,1,D
622540000,622540999,1,1,1,1,1,C
622541000,622541999,1,1,1,1,1,C
622542000,622542999,1,1,1,1,1,C
622543000,622543999,1,1,1,1,1,C
622544000,622544999,1,1,1,1,1,C
622545000,622545999,1,1,1,1,1,C
622546000,622546999,1,1,1,1,1,D
622547000,622547999,1,1,1,1,1,D
622548000,622548999,1,1,1,1,1,D
622549000,622549999,1,1,1,1,1,D
622550000,622550999,1,1,1,1,1,D
622551000,622551999,1,1,1,1,1,C
622552000,622552999,1,1,1,1,1,D
622553000,622553999,1,1,1,1,1,D
622554000,622554999,1,1,1,1,1,C
622555000,622555999,1,1,1,1,1,C
622556000,622556999,1,1,1,1,1,C
622557000,622557999,1,1,1,1,1,C
622558000,622558999,1,1,1,1,1,C
622559000,622559999,1,1,1,1,1,C
622560000,622560999,1,1,1,1,1,C
622561000,622561999,1,1,1,1,1,D
622562000,622562999,1,1,1,1,1,D
622563000,622563999,1,1,1,1,1,D
622564000,622564999,1,1,1,1,1,C
622565000,622565999,1,1,1,1,1,C
622566000,622566999,1,1,1,1,1,C
622567000,622567999,1,1,1,1,1,C
622568000,622568999,1,1,1,1,1,D
622569000,622569999,1,1,1,1,1,C
622570000,622579999,1,1,1,1,1,C
622580000,622580999,1,1,1,1,1,D
622581000,622581999,1,1,1,1,1,C
622582000,622582999,1,1,1,1,1,C
622583000,622583999,1,1,1,1,1,C
622584000,622584999,1,1,1,1,1,C
622585000,622585999,1,1,1,1,1,D
622586000,622586999,1,1,1,1,1,D
622587000,622587999,1,1,1,1,1,D
622588000,622588999,1,1,1,1,1,D
622589000,622589999,1,1,1,1,1,D
622590000,622590999,1,1,1,1,1,D
622591000,622591999,1,1,1,1,1,C
622592000,622592999,1,1,1,1,1,C
622593000,622593999,1,1,1,1,1,C
622594000,622594999,1,1,1,1,1,C
622595000,622595999,1,1,1,1,1,C
622596000,622596999,1,1,1,1,1,C
622597000,622597999,1,1,1,1,1,C
622598000,622598999,1,1,1,1,1,D
622599000,622599999,1,1,1,1,1,C
622600000,622600999,1,1,1,1,1,C
622601000,622601999,1,1,1,1,1,C
622602000,622602999,1,1,1,1,1,C
622603000,622603999,1,1,1,1,1,C
622604000,622604999,1,1,1,1,1,C
622605000,622605999,1,1,1,1,1,C
622606000,622606999,1,1,1,1,1,C
622607000,622607999,1,1,1,1,1,C
622608000,622608999,1,1,1,1,1,D
622609000,622609999,1,1,1,1,1,D
622610000,622610999,1,1,1,1,1,C
622611000,622611999,1,1,1,1,1,C
622612000,622612999,1,1,1,1,1,C
622613000,622613999,1,1,1,1,1,C
622614000,622614999,1,1,1,1,1,C
622615000,622615999,1,1,1,1,1,D
622616000,622616999,1,1,1,1,1,D
622617000,622617999,1,1,1,1,1,D
622618000,622618999,1,1,1,1,1,D
622619000,622619999,1,1,1,1,1,D
622620000,622620999,1,1,1,1,1,D
622621000,622621999,1,1,1,1,1,C
622622000,622622999,1,1,1,1,1,D
622623000,622623999,1,1,1,1,1,C
622624000,622624999,1,1,1,1,1,C
622625000,622625999,1,1,1,1,1,C
622626000,622626999,1,1,1,1,1,C
622627000,622627999,1,1,1,1,1,C
622628000,622628999,1,1,1,1,1,C
622629000,622629999,1,1,1,1,1,C
622630000,622630999,1,1,1,1,1,D
622631000,622631999,1,1,1,1,1,D
622632000,622632999,1,1,1,1,1,D
622633000,622633999,1,1,1,1,1,D
622634000,622634999,1,1,1,1,1,C
622635000,622635999,1,1,1,1,1,C
622636000,622636999,1,1,1,1,1,C
622637000,622637999,1,1,1,1,1,C
622638000,622638999,1,1,1,1,1,C
622639000,622639999,1,1,1,1,1,C
622640000,622640999,1,1,1,1,1,C
622641000,622641999,1,1,1,1,1,C
622642000,622642999,1,1,1,1,1,C
622643000,622643999,1,1,1,1,1,C
622644000,622644999,1,1,1,1,1,D
622645000,622645999,1,1,1,1,1,C
622646000,622646999,1,1,1,1,1,C
622647000,622647999,1,1,1,1,1,C
622648000,622648999,1,1,1,1,1,C
622649000,622649999,1,1,1,1,1,C
622650000,622659999,1,1,1,1,1,C
622660000,622669999,1,1,1,1,1,D
622670000,622670999,1,1,1,1,1,D
622671000,622671999,1,1,1,1,1,D
622672000,622672999,1,1,1,1,1,D
622673000,622673999,1,1,1,1,1,D
622674000,622674999,1,1,1,1,1,D
622675000,622675999,1,1,1,1,1,C
622676000,622676999,1,1,1,1,1,C
622677000,622677999,1,1,1,1,1,C
622678000,622678999,1,1,1,1,1,C
622679000,622679999,1,1,1,1,1,C
622680000,622680999,1,1,1,1,1,C
622681000,622681999,1,1,1,1,1,D
622682000,622682999,1,1,1,1,1,D
622683000,622683999,1,1,1,1,1,D
622684000,622684999,1,1,1,1,1,D
622685000,622685999,1,1,1,1,1,C
622686000,622686999,1,1,1,1,1,C
622687000,622687999,1,1,1,1,1,C
622688000,622688999,1,1,1,1,1,C
622689000,622689999,1,1,1,1,1,C
622690000,622690999,1,1,1,1,1,D
622691000,622691999,1,1,1,1,1,D
622692000,622692999,1,1,1,1,1,D
622693000,622693999,1,1,1,1,1,C
622694000,622694999,1,1,1,1,1,C
622695000,622695999,1,1,1,1,1,C
622696000,622696999,1,1,1,1,1,D
622697000,622697999,1,1,1,1,1,D
622698000,622698999,1,1,1,1,1,D
622699000,622699999,1,1,1,1,1,D
622700000,622700999,1,1,1,1,1,D
622701000,622701999,1,1,1,1,1,C
622702000,622702999,1,1,1,1,1,C
622703000,622703999,1,1,1,1,1,C
622704000,622704999,1,1,1,1,1,C
622705000,622705999,1,1,1,1,1,C
622706000,622706999,1,1,1,1,1,C
622707000,622707999,1,1,1,1,1,C
622708000,622708999,1,1,1,1,1,C
622709000,622709999,1,1,1,1,1,C
622710000,622719999,1,1,1,1,1,C
622720000,622729999,1,1,1,1,1,C
622730000,622730999,1,1,1,1,1,C
622731000,622731999,1,1,1,1,1,C
622732000,622732999,1,1,1,1,1,C
622733000,622733999,1,1,1,1,1,C
622734000,622734999,1,1,1,1,1,C
622735000,622735999,1,1,1,1,1,C
622736000,622736999,1,1,1,1,1,C
622737000,622737999,1,1,1,1,1,C
622738000,622738999,1,1,1,1,1,D
622739000,622739999,1,1,1,1,1,C
622740000,622740999,1,1,1,1,1,C
622741000,622741999,1,1,1,1,1,D
622742000,622742999,1,1,1,1,1,D
622743000,622743999,1,1,1,1,1,D
622744000,622744999,1,1,1,1,1,D
622745000,622745999,1,1,1,1,1,D
622746000,622746999,1,1,1,1,1,D
622747000,622747999,1,1,1,1,1,D
622748000,622748999,1,1,1,1,1,D
622749000,622749999,1,1,1,1,1,D
622750000,622759999,1,1,1,1,1,C
622760000,622769999,1,1,1,1,1,C
622770000,622770999,1,1,1,1,1,D
622771000,622771999,1,1,1,1,1,D
622772000,622772999,1,1,1,1,1,D
622773000,622773999,1,1,1,1,1,C
622774000,622774999,1,1,1,1,1,C
622775000,622775999,1,1,1,1,1,C
622776000,622776999,1,1,1,1,1,C
622777000,622777999,1,1,1,1,1,D
622778000,622778999,1,1,1,1,1,C
622779000,622779999,1,1,1,1,1,C
622780000,622789999,1,1,1,1,1,C
622790000,622799999,1,1,1,1,1,C
622800000,622809999,1,1,1,1,1,C
622810000,622819999,1,1,1,1,1,C
622820000,622820999,1,1,1,1,1,C
622821000,622821999,1,1,1,1,1,D
622822000,622822999,1,1,1,1,1,D
622823000,622823999,1,1,1,1,1,D
622824000,622824999,1,1,1,1,1,D
622825000,622825999,1,1,1,1,1,D
622826000,622826999,1,1,1,1,1,D
622827000,622827999,1,1,1,1,1,D
622828000,622828999,1,1,1,1,1,D
622829000,622829999,1,1,1,1,1,C
622830000,622839999,1,1,1,1,1,C
622840000,622840999,1,1,1,1,1,D
622841000,622841999,1,1,1,1,1,D
622842000,622842999,1,1,1,1,1,C
622843000,622843999,1,1,1,1,1,D
622844000,622844999,1,1,1,1,1,D
622845000,622845999,1,1,1,1,1,D
622846000,622846999,1,1,1,1,1,D
622847000,622847999,1,1,1,1,1,D
622848000,622848999,1,1,1,1,1,D
622849000,622849999,1,1,1,1,1,D
622850000,622850999,1,1,1,1,1,C
622851000,622851999,1,1,1,1,1,C
622852000,622852999,1,1,1,1,1,C
622853000,622853999,1,1,1,1,1,C
622854000,622854999,1,1,1,1,1,C
622855000,622855999,1,1,1,1,1,D
622856000,622856999,1,1,1,1,1,D
622857000,622857999,1,1,1,1,1,D
622858000,622858999,1,1,1,1,1,D
622859000,622859999,1,1,1,1,1,D
622860000,622860999,1,1,1,1,1,D
622861000,622861999,1,1,1,1,1,D
622862000,622862999,1,1,1,1,1,D
622863000,622863999,1,1,1,1,1,C
622864000,622864999,1,1,1,1,1,D
622865000,622865999,1,1,1,1,1,D
622866000,622866999,1,1,1,1,1,D
622867000,622867999,1,1,1,1,1,D
622868000,622868999,1,1,1,1,1,C
622869000,622869999,1,1,1,1,1,D
622870000,622870999,1,1,1,1,1,D
622871000,622871999,1,1,1,1,1,D
622872000,622872999,1,1,1,1,1,C
622873000,622873999,1,1,1,1,1,D
622874000,622874999,1,1,1,1,1,C
622875000,622875999,1,1,1,1,1,C
622876000,622876999,1,1,1,1,1,D
622877000,622877999,1,1,1,1,1,D
622878000,622878999,1,1,1,1,1,D
622879000,622879999,1,1,1,1,1,D
622880000,622880999,1,1,1,1,1,D
622881000,622881999,1,1,1,1,1,D
622882000,622882999,1,1,1,1,1,D
622883000,622883999,1,1,1,1,1,C
622884000,622884999,1,1,1,1,1,D
622885000,622885999,1,1,1,1,1,D
622886000,622886999,1,1,1,1,1,D
622887000,622887999,1,1,1,1,1,C
622888000,622888999,1,1,1,1,1,C
622889000,622889999,1,1,1,1,1,C
622890000,622890999,1,1,1,1,1,C
622891000,622891999,1,1,1,1,1,D
622892000,622892999,1,1,1,1,1,D
622893000,622893999,1,1,1,1,1,D
622894000,622894999,1,1,1,1,1,C
622895000,622895999,1,1,1,1,1,D
622896000,622896999,1,1,1,1,1,C
622897000,622897999,1,1,1,1,1,D
622898000,622898999,1,1,1,1,1,C
622899000,622899999,1,1,1,1,1,C
622900000,622900999,1,1,1,1,1,C
622901000,622901999,1,1,1,1,1,C
622902000,622902999,1,1,1,1,1,C
622903000,622903999,1,1,1,1,1,C
622904000,622904999,1,1,1,1,1,C
622905000,622905999,1,1,1,1,1,C
622906000,622906999,1,1,1,1,1,C
622907000,622907999,1,1,1,1,1,C
622908000,622908999,1,1,1,1,1,D
622909000,622909999,1,1,1,1,1,D
622910000,622919999,1,1,1,1,1,C
622920000,622920999,1,1,1,1,1,C
622921000,622921999,1,1,1,1,1,C
622922000,622922999,1,1,1,1,1,C
622923000,622923999,1,1,1,1,1,C
622924000,622924999,1,1,1,1,1,C
622925000,622925999,1,1,1,1,1,D
622926000,622926999,1,1,1,1,1,D
622927000,622927999,1,1,1,1,1,D
622928000,622928999,1,1,1,1,1,D
622929000,622929999,1,1,1,1,1,D
622930000,622939999,1,1,1,1,1,D
622940000,622949999,1,1,1,1,1,D
622950000,622959999,1,1,1,1,1,D
622960000,622969999,1,1,1,1,1,D
622970000,622979999,1,1,1,1,1,D
622980000,622989999,1,1,1,1,1,D
622990000,622999999,1,1,1,1,1,D
623000000,623099999,1,1,1,1,1,D
623100000,623199999,1,1,1,1,1,D
623200000,623209999,1,1,1,1,1,D
623210000,623210999,1,1,1,1,1,C
623211000,623211999,1,1,1,1,1,D
623212000,623212999,1,1,1,1,1,D
623213000,623213999,1,1,1,1,1,D
623214000,623214999,1,1,1,1,1,D
623215000,623215999,1,1,1,1,1,D
623216000,623216999,1,1,1,1,1,D
623217000,623217999,1,1,1,1,1,D
623218000,623218999,1,1,1,1,1,D
623219000,623219999,1,1,1,1,1,D
623220000,623229999,1,1,1,1,1,D
623230000,623239999,1,1,1,1,1,D
623240000,623249999,1,1,1,1,1,D
623250000,623259999,1,1,1,1,1,D
623260000,623269999,1,1,1,1,1,D
623270000,623279999,1,1,1,1,1,D
623280000,623289999,1,1,1,1,1,D
623290000,623299999,1,1,1,1,1,D
623300000,623399999,1,1,1,1,1,D
623400000,623499999,1,1,1,1,1,D
623500000,623599999,1,1,1,1,1,D
623600000,623699999,1,1,1,1,1,D
623700000,623709999,1,1,1,1,1,D
623710000,623719999,1,1,1,1,1,D
623720000,623729999,1,1,1,1,1,D
623730000,623739999,1,1,1,1,1,D
623740000,623749999,1,1,1,1,1,D
623750000,623759999,1,1,1,1,1,D
623760000,623769999,1,1,1,1,1,D
623770000,623779999,1,1,1,1,1,D
623780000,623789999,1,1,1,1,1,D
623790000,623790999,1,1,1,1,1,D
623791000,623791999,1,1,1,1,1,D
623792000,623792999,1,1,1,1,1,D
623793000,623793999,1,1,1,1,1,D
623794000,623794999,1,1,1,1,1,D
623795000,623795999,1,1,1,1,1,D
623796000,623796999,1,1,1,1,1,D
623798000,623798999,1,1,1,1,1,D
623799000,623799999,1,1,1,1,1,D
623800000,623899999,1,1,1,1,1,D
623900000,623999999,1,1,1,1,1,D
624000000,624999999,1,1,1,1,1,C
625000000,625999999,1,1,1,1,1,C
626000000,626999999,1,1,1,1,1,C
627000000,627009999,1,1,1,1,1,D
627010000,627019999,1,1,1,1,1,D
627020000,627029999,1,1,1,1,1,D
627030000,627039999,1,1,1,1,1,D
627040000,627049999,1,1,1,1,1,D
627050000,627059999,1,1,1,1,1,D
627060000,627069999,1,1,1,1,1,D
627070000,627079999,1,1,1,1,1,D
627080000,627080999,1,1,1,1,1,D
627081000,627081999,1,1,1,1,1,D
628183000,628183999,1,1,1,1,1,C
628184000,628184999,1,1,1,1,1,C
628185000,628185999,1,1,1,1,1,C
628186000,628186999,1,1,1,1,1,C
628187000,628187999,1,1,1,1,1,C
628188000,628188999,1,1,1,1,1,C
628189000,628189999,1,1,1,1,1,C
628190000,628199999,1,1,1,1,1,C
628200000,628299999,1,1,1,1,1,C
628300000,628399999,1,1,1,1,1,C
628400000,628499999,1,1,1,1,1,C
628500000,628599999,1,1,1,1,1,C
628600000,628699999,1,1,1,1,1,C
628700000,628799999,1,1,1,1,1,C
628800000,628899999,1,1,1,1,1,C
628900000,628909999,1,1,1,1,1,C
628910000,628919999,1,1,1,1,1,C
628920000,628929999,1,1,1,1,1,C
628930000,628939999,1,1,1,1,1,C
628940000,628949999,1,1,1,1,1,C
628950000,628959999,1,1,1,1,1,C
628960000,628969999,1,1,1,1,1,C
628970000,628979999,1,1,1,1,1,C
628980000,628989999,1,1,1,1,1,C
628990000,628990999,1,1,1,1,1,C
628991000,628991999,1,1,1,1,1,C
628992000,628992999,1,1,1,1,1,C
628993000,628993999,1,1,1,1,1,C
628994000,628994999,1,1,1,1,1,C
628995000,628995999,1,1,1,1,1,C
628996000,628996999,1,1,1,1,1,C
628997000,628997999,1,1,1,1,1,C
628998000,628998999,1,1,1,1,1,C
629030000,629039999,1,1,1,1,1,D
629040000,629049999,1,1,1,1,1,D
629050000,629059999,1,1,1,1,1,D
629060000,629069999,1,1,1,1,1,D
629070000,629079999,1,1,1,1,1,D
629080000,629089999,1,1,1,1,1,D
629090000,629099999,1,1,1,1,1,D
629100000,629199999,1,1,1,1,1,D
629200000,629299999,1,1,1,1,1,D
629300000,629399999,1,1,1,1,1,D
629400000,629409999,1,1,1,1,1,D
629410000,629419999,1,1,1,1,1,D
629420000,629429999,1,1,1,1,1,D
629430000,629439999,1,1,1,1,1,D
629440000,629440999,1,1,1,1,1,D
685800000,685800999,1,1,1,1,1,C
690750000,690759999,1,1,1,1,1,D
900105000,900105999,1,1,1,1,1,D
900205000,900205999,1,1,1,1,1,D
900300000,900309999,1,1,1,1,1,D
905920000,905929999,1,1,1,1,1,D
911100000,911199999,1,1,1,1,1,D
940001000,940001999,1,1,1,1,1,D
940003000,940003999,1,1,1,1,1,D
940010000,940010999,1,1,1,1,1,D
940013000,940013999,1,1,1,1,1,D
940015000,940015999,1,1,1,1,1,D
940018000,940018999,1,1,1,1,1,D
940020000,940020999,1,1,1,1,1,D
940021000,940021999,1,1,1,1,1,D
940023000,940023999,1,1,1,1,1,D
940027000,940027999,1,1,1,1,1,D
940028000,940028999,1,1,1,1,1,D
940030000,940030999,1,1,1,1,1,D
940031000,940031999,1,1,1,1,1,D
940035000,940035999,1,1,1,1,1,D
940037000,940037999,1,1,1,1,1,D
940039000,940039999,1,1,1,1,1,D
940040000,940040999,1,1,1,1,1,D
940046000,940046999,1,1,1,1,1,D
940047000,940047999,1,1,1,1,1,D
940048000,940048999,1,1,1,1,1,D
940049000,940049999,1,1,1,1,1,D
940050000,940050999,1,1,1,1,1,D
940055000,940055999,1,1,1,1,1,D
940056000,940056999,1,1,1,1,1,D
940061000,940061999,1,1,1,1,1,D
940062000,940062999,1,1,1,1,1,D
940063000,940063999,1,1,1,1,1,D
940066000,940066999,1,1,1,1,1,D
940068000,940068999,1,1,1,1,1,D
940073000,940073999,1,1,1,1,1,D
940074000,940074999,1,1,1,1,1,D
955100000,955100999,1,1,1,1,1,D
955550000,955550999,1,1,1,1,1,D
955590000,955590999,1,1,1,1,1,C
955591000,955591999,1,1,1,1,1,C
955592000,955592999,1,1,1,1,1,C
955593000,955593999,1,1,1,1,1,C
955880000,955880999,1,1,1,1,1,D
955881000,955881999,1,1,1,1,1,D
955882000,955882999,1,1,1,1,1,D
955888000,955888999,1,1,1,1,1,D
955990000,955999999,1,1,1,1,1,D
966666000,966666999,1,1,1,1,1,D
968807000,968807999,1,1,1,1,1,D
968808000,968808999,1,1,1,1,1,D
968809000,968809999,1,1,1,1,1,D
984300000,984300999,1,1,1,1,1,D
984301000,984301999,1,1,1,1,1,D
984302000,984302999,1,1,1,1,1,C
984303000,984303999,1,1,1,1,1,C
990027000,990027999,1,1,1,1,1,D
998800000,998800999,1,1,1,1,1,D
998801000,998801999,1,1,1,1,1,C
998802000,998802999,1,1,1,1,1,C
800000000,899999999,1,1,1,1,1,C
0000000000,00000000,1,1,1,1,1,C
0000000000,00000000,1,1,1,1,1,C
0000000000,00000000,1,1,1,1,1,C
0000000000,00000000,1,1,1,1,1,C
0000000000,00000000,1,1,1,1,1,C
0000000000,00000000,1,1,1,1,1,C
0000000000,00000000,1,1,1,1,1,C
0000000000,00000000,1,1,1,1,1,C
0000000000,00000000,1,1,1,1,1,C
0000000000,00000000,1,1,1,1,1,C
0000000000,00000000,1,1,1,1,1,C
0000000000,00000000,1,1,1,1,1,C
0000000000,00000000,1,1,1,1,1,C
0000000000,00000000,1,1,1,1,1,C
0000000000,00000000,1,1,1,1,1,C
0000000000,00000000,1,1,1,1,1,C
0000000000,00000000,1,1,1,1,1,C
0000000000,00000000,1,1,1,1,1,C
0000000000,00000000,1,1,1,1,1,C
0000000000,00000000,1,1,1,1,1,C
0000000000,00000000,1,1,1,1,1,C
0000000000,00000000,1,1,1,1,1,C
0000000000,00000000,1,1,1,1,1,C
0000000000,00000000,1,1,1,1,1,C                 
0000000000,00000000,1,1,1,1,1,C
0000000000,00000000,1,1,1,1,1,C
0000000000,00000000,1,1,1,1,1,C
0000000000,00000000,1,1,1,1,1,C
0000000000,00000000,1,1,1,1,1,C
0000000000,00000000,1,1,1,1,1,C
0000000000,00000000,1,1,1,1,1,C
0000000000,00000000,1,1,1,1,1,C
0000000000,00000000,1,1,1,1,1,C
0000000000,00000000,1,1,1,1,1,C
0000000000,00000000,1,1,1,1,1,C
0000000000,00000000,1,1,1,1,1,C
0000000000,00000000,1,1,1,1,1,C
0000000000,00000000,1,1,1,1,1,C
0000000000,00000000,1,1,1,1,1,C
0000000000,00000000,1,1,1,1,1,C
0000000000,00000000,1,1,1,1,1,C
0000000000,00000000,1,1,1,1,1,C
0000000000,00000000,1,1,1,1,1,C
0000000000,00000000,1,1,1,1,1,C
0000000000,00000000,1,1,1,1,1,C
0000000000,00000000,1,1,1,1,1,C
0000000000,00000000,1,1,1,1,1,C
0000000000,00000000,1,1,1,1,1,C
0000000000,00000000,1,1,1,1,1,C
0000000000,00000000,1,1,1,1,1,C
0000000000,00000000,1,1,1,1,1,C
0000000000,00000000,1,1,1,1,1,C
0000000000,00000000,1,1,1,1,1,C
0000000000,00000000,1,1,1,1,1,C
0000000000,00000000,1,1,1,1,1,C
0000000000,00000000,1,1,1,1,1,C
0000000000,00000000,1,1,1,1,1,C
0000000000,00000000,1,1,1,1,1,C
0000000000,00000000,1,1,1,1,1,C
0000000000,00000000,1,1,1,1,1,C
0000000000,00000000,1,1,1,1,1,C
0000000000,00000000,1,1,1,1,1,C
0000000000,00000000,1,1,1,1,1,C
0000000000,00000000,1,1,1,1,1,C
0000000000,00000000,1,1,1,1,1,C
0000000000,00000000,1,1,1,1,1,C
0000000000,00000000,1,1,1,1,1,C
0000000000,00000000,1,1,1,1,1,C
0000000000,00000000,1,1,1,1,1,C
0000000000,00000000,1,1,1,1,1,C
0000000000,00000000,1,1,1,1,1,C
0000000000,00000000,1,1,1,1,1,C
0000000000,00000000,1,1,1,1,1,C
0000000000,00000000,1,1,1,1,1,C
0000000000,00000000,1,1,1,1,1,C
0000000000,00000000,1,1,1,1,1,C
0000000000,00000000,1,1,1,1,1,C
0000000000,00000000,1,1,1,1,1,C
0000000000,00000000,1,1,1,1,1,C
0000000000,00000000,1,1,1,1,1,C
0000000000,00000000,1,1,1,1,1,C
0000000000,00000000,1,1,1,1,1,C
0000000000,00000000,1,1,1,1,1,C
0000000000,00000000,1,1,1,1,1,C
0000000000,00000000,1,1,1,1,1,C
0000000000,00000000,1,1,1,1,1,C
0000000000,00000000,1,1,1,1,1,C
0000000000,00000000,1,1,1,1,1,C
0000000000,00000000,1,1,1,1,1,C
0000000000,00000000,1,1,1,1,1,C
0000000000,00000000,1,1,1,1,1,C
0000000000,00000000,1,1,1,1,1,C
0000000000,00000000,1,1,1,1,1,C
0000000000,00000000,1,1,1,1,1,C
0000000000,00000000,1,1,1,1,1,C
0000000000,00000000,1,1,1,1,1,C
0000000000,00000000,1,1,1,1,1,C
0000000000,00000000,1,1,1,1,1,C
0000000000,00000000,1,1,1,1,1,C
0000000000,00000000,1,1,1,1,1,C
0000000000,00000000,1,1,1,1,1,C
0000000000,00000000,1,1,1,1,1,C
0000000000,00000000,1,1,1,1,1,C
0000000000,00000000,1,1,1,1,1,C
0000000000,00000000,1,1,1,1,1,C
0000000000,00000000,1,1,1,1,1,C
0000000000,00000000,1,1,1,1,1,C
0000000000,00000000,1,1,1,1,1,C
0000000000,00000000,1,1,1,1,1,C
0000000000,00000000,1,1,1,1,1,C
0000000000,00000000,1,1,1,1,1,C
0000000000,00000000,1,1,1,1,1,C
0000000000,00000000,1,1,1,1,1,C
0000000000,00000000,1,1,1,1,1,C
0000000000,00000000,1,1,1,1,1,C
0000000000,00000000,1,1,1,1,1,C
0000000000,00000000,1,1,1,1,1,C
0000000000,00000000,1,1,1,1,1,C
0000000000,00000000,1,1,1,1,1,C
0000000000,00000000,1,1,1,1,1,C
0000000000,00000000,1,1,1,1,1,C
0000000000,00000000,1,1,1,1,1,C
0000000000,00000000,1,1,1,1,1,C
0000000000,00000000,1,1,1,1,1,C
0000000000,00000000,1,1,1,1,1,C
0000000000,00000000,1,1,1,1,1,C
0000000000,00000000,1,1,1,1,1,C
0000000000,00000000,1,1,1,1,1,C
0000000000,00000000,1,1,1,1,1,C
0000000000,00000000,1,1,1,1,1,C
0000000000,00000000,1,1,1,1,1,C
0000000000,00000000,1,1,1,1,1,C
0000000000,00000000,1,1,1,1,1,C
0000000000,00000000,1,1,1,1,1,C
0000000000,00000000,1,1,1,1,1,C                           